01001101 
01011010 
01010010 
01001000 
01000111 
00110101 
01001011 
01000100 
01001011 
01010010 
01000100 
01001000 
01010111 
01001111 
01001010 
01010010 
01001101 
01011001 
01011010 
01010100 
01001111 
01011010 
01001010 
01010101 
01000111 
01010010 
01010011 
01000111 
01000011 
01011010 
01000010 
01011000 
01000111 
01000101 
00110011 
01010100 
01001101 
01011001 
01001010 
01010001 
01001000 
01000101 
01011010 
01010100 
01001011 
01001101 
01001010 
01010110 
01001101 
01010101 
01011010 
01010111 
01001011 
01001101 
01001010 
01011001 
01001101 
01001001 
01011010 
01000100 
01000101 
01001101 
01000100 
01000100 
01010000 
01010101 
00111101 
00111101 
00111101 
00111101 
00111101 
00111101

